Threads\tSeconds
1
2
3
4
5
6
7
8
9
10
12
14
16
18
20
15
21
24
27
30
28
32
36
40
25
35
45
50
42
48
54
60
49
56
63
70
64
72
80
81
90
100
84
96
108
120
98
112
126
140
128
144
160
162
180
200
75
105
135
150
147
168
189
210
192
216
240
243
270
300
196
224
252
280
256
288
320
324
360
400
125
175
225
250
245
315
350
405
450
500
294
336
378
420
384
432
480
486
540
600
343
392
441
490
448
504
560
567
630
700
512
576
640
648
720
800
729
810
900
1000
588
672
756
840
768
864
960
972
1080
1200
686
784
882
980
896
1008
1120
1134
1260
1400
1024
1152
1280
1296
1440
1600
1458
1620
1800
2000
375
525
675
750
735
945
1050
1215
1350
1500
1029
1176
1323
1470
1344
1512
1680
1701
1890
2100
1536
1728
1920
1944
2160
2400
2187
2430
2700
3000
1372
1568
1764
1960
1792
2016
2240
2268
2520
2800
2048
2304
2560
2592
2880
3200
2916
3240
3600
4000
625
875
1125
1250
1225
1575
1750
2025
2250
2500
1715
2205
2450
2835
3150
3500
3645
4050
4500
5000
2058
2352
2646
2940
2688
3024
3360
3402
3780
4200
3072
3456
3840
3888
4320
4800
4374
4860
5400
6000
2401
2744
3087
3430
3136
3528
3920
3969
4410
4900
3584
4032
4480
4536
5040
5600
5103
5670
6300
7000
4096
4608
5120
5184
5760
6400
5832
6480
7200
8000
6561
7290
8100
9000
10000
